modern
476
MARIO_FORWARD
355.24 475.066
1 1 0 -1
9
2 0
5 0 2
-500 675.157
0 0 0 1 3
-457
-93.0208
207.238
507.485
2 0
5 0 1
-500 575.17
2 0 1 0 2
-524
415.83
674.791
1 1
6 1 2
-500 475.066
2 0
6 0 2
-500 375.072
2 0 0 0 3
-261
51.0978
351.232
551.147
3 0
6 0 1
-500 275.115
1 2
143
2
667.929
0
567.969
1
468.008
0
367.904
2
68.025
0 0
7 2 3
-500 175.125
1 0
7 1 3
-500 75.12
3 0
7 0 3
-500 -24.883
1 2
178
2
441.126
0
341.085
1
141.013
2
41.1546
0
-58.8817
2 0
7 0 2
-500 -124.863
0 0 0 0 2
-262
226.992
526.979
0 0 0 0 0
