8bit
13156
MARIO_RIGHT
495.5 614.276
1 1 0 -1
9
1 1
4 1 2
-500 614.296
2 0
4 0 2
-500 514.148
2 0 0 0 2
-508
64.4965
664.44
3 0
4 0 1
-500 414.189
0 3
56
2
-60.9011
2
239.02
1
339.091
1
439.051
2
539.081
0
639.151
1 0
5 1 2
-500 314.253
3 0
5 0 2
-500 214.271
0 2
85
2
36.713
0
136.673
0
236.726
0
336.764
2
436.714
2 0
5 0 1
-500 114.252
2 0 0 0 2
-114
84.0072
584.048
1 0
6 1 2
-500 14.2696
2 0
6 0 2
-500 -85.7174
2 0 0 0 3
-195
85.3386
285.219
485.297
3 0
6 0 1
-500 -185.712
0 2
59
2
57.4624
0
257.468
1
357.468
2
457.468
0
557.446
-1.6 0 0 0 0
