neon
4376
MARIO_FORWARD
350 414.954
1 1 0 -1
9
2 0
3 0 1
-500 614.981
2 0 0 0 3
-305
0
200
400
0 0
4 2 2
-500 514.958
1 1
4 1 2
-500 414.954
3 0
4 0 2
-500 314.958
1 3
79
2
690.977
0
591.016
2
491.046
0
391.035
2
291.019
1
191.019
3 0
4 0 1
-500 214.973
1 3
208
0
616.219
2
516.421
2
216.365
2
116.112
0
16.0641
0
-83.984
0 0
5 2 2
-500 114.966
1 0
5 1 2
-500 14.9681
3 0
5 0 2
-500 -85.033
0 2
74
2
-85.3957
1
14.6048
0
114.599
2
214.598
0
314.598
2 0
5 0 1
-500 -185.027
0 0 0 0 2
-543
100
400
0 0 0 0 0
