lava
8366
MARIO_FORWARD
425 404.418
1 1 0 -1
9
2 0
6 0 2
-500 604.42
0 0 0 1 3
-315
-87.1633
312.862
512.889
2 0
6 0 1
-500 504.42
2 0 1 0 3
-247
39.5854
439.652
639.73
1 1
7 1 3
-500 404.418
2 0
7 0 3
-500 304.421
2 0 0 0 3
-484
-1.80656
198.085
397.979
3 0
7 0 2
-500 204.428
0 3
226
1
-83.7491
1
16.0191
1
116.013
2
216.006
2
416.127
2
516.251
3 0
7 0 1
-500 104.426
0 3
283
2
-62.5232
1
137.201
1
237.197
1
437.365
2
537.547
2
637.736
0 0
8 2 3
-500 4.42701
1 0
8 1 3
-500 -95.5722
3 0
8 0 3
-500 -195.571
1 2
213
2
645.159
1
545.159
2
345.159
0
245.155
1
145.155
0 0 0 0 0
